libpng warning: iCCP: known incorrect sRGB profile
(958.000000,167.377778) -> (958.629320,168.154924)
(958.629320,168.154924) -> (959.258641,168.932070)
(959.258641,168.932070) -> (959.887961,169.709216)
(959.887961,169.709216) -> (960.517282,170.486362)
(960.517282,170.486362) -> (961.146602,171.263508)
MOVE
(982.040000,514.488889) -> (982.057452,515.488737)
(982.057452,515.488737) -> (982.074905,516.488584)
(982.074905,516.488584) -> (982.092357,517.488432)
(982.092357,517.488432) -> (982.109810,518.488280)
(982.109810,518.488280) -> (982.127262,519.488127)
MOVE
(1100.480000,212.466667) -> (1100.480000,213.466667)
(1100.480000,213.466667) -> (1100.480000,214.466667)
(1100.480000,214.466667) -> (1100.480000,215.466667)
(1100.480000,215.466667) -> (1100.480000,216.466667)
(1100.480000,216.466667) -> (1100.480000,217.466667)
MOVE
(563.640000,296.422222) -> (563.415049,295.447852)
(563.415049,295.447852) -> (563.190098,294.473482)
(563.190098,294.473482) -> (562.965147,293.499112)
(562.965147,293.499112) -> (562.740196,292.524742)
(562.740196,292.524742) -> (562.515245,291.550372)
MOVE
(769.240000,61.800000) -> (768.294481,62.125568)
(768.294481,62.125568) -> (767.348963,62.451136)
(767.348963,62.451136) -> (766.403444,62.776704)
(766.403444,62.776704) -> (765.457926,63.102273)
(765.457926,63.102273) -> (764.512407,63.427841)
MOVE
(577.240000,489.000000) -> (576.849269,489.920505)
(576.849269,489.920505) -> (576.458538,490.841010)
(576.458538,490.841010) -> (576.067807,491.761515)
(576.067807,491.761515) -> (575.677075,492.682019)
(575.677075,492.682019) -> (575.286344,493.602524)
MOVE
(166.240000,479.466667) -> (165.265630,479.241716)
(165.265630,479.241716) -> (164.291260,479.016765)
(164.291260,479.016765) -> (163.316890,478.791813)
(163.316890,478.791813) -> (162.342520,478.566862)
(162.342520,478.566862) -> (161.368150,478.341911)
MOVE
(1060.960000,640.155556) -> (1060.130962,640.714748)
(1060.130962,640.714748) -> (1059.301925,641.273941)
(1059.301925,641.273941) -> (1058.472887,641.833134)
(1058.472887,641.833134) -> (1057.643850,642.392327)
(1057.643850,642.392327) -> (1056.814812,642.951520)
MOVE
(388.920000,63.577778) -> (388.920000,62.577778)
(388.920000,62.577778) -> (388.920000,61.577778)
(388.920000,61.577778) -> (388.920000,60.577778)
(388.920000,60.577778) -> (388.920000,59.577778)
(388.920000,59.577778) -> (388.920000,58.577778)
MOVE
(701.840000,541.533333) -> (701.132893,540.826227)
(701.132893,540.826227) -> (700.425786,540.119120)
(700.425786,540.119120) -> (699.718680,539.412013)
(699.718680,539.412013) -> (699.011573,538.704906)
(699.011573,538.704906) -> (698.304466,537.997799)
MOVE
(1233.680000,135.177778) -> (1232.948646,135.859776)
(1232.948646,135.859776) -> (1232.217293,136.541774)
(1232.217293,136.541774) -> (1231.485939,137.223773)
(1231.485939,137.223773) -> (1230.754585,137.905771)
(1230.754585,137.905771) -> (1230.023231,138.587770)
MOVE
(247.000000,433.955556) -> (246.000609,433.920656)
(246.000609,433.920656) -> (245.001218,433.885757)
(245.001218,433.885757) -> (244.001828,433.850857)
(244.001828,433.850857) -> (243.002437,433.815958)
(243.002437,433.815958) -> (242.003046,433.781058)
MOVE
(337.880000,11.177778) -> (337.880000,12.177778)
(337.880000,12.177778) -> (337.880000,13.177778)
(337.880000,13.177778) -> (337.880000,14.177778)
(337.880000,14.177778) -> (337.880000,15.177778)
(337.880000,15.177778) -> (337.880000,16.177778)
MOVE
(24.720000,126.777778) -> (24.329269,127.698283)
(24.329269,127.698283) -> (23.938538,128.618787)
(23.938538,128.618787) -> (23.547807,129.539292)
(23.547807,129.539292) -> (23.157075,130.459797)
(23.157075,130.459797) -> (22.766344,131.380302)
MOVE
(1235.040000,373.822222) -> (1235.040000,374.822222)
(1235.040000,374.822222) -> (1235.040000,375.822222)
(1235.040000,375.822222) -> (1235.040000,376.822222)
(1235.040000,376.822222) -> (1235.040000,377.822222)
(1235.040000,377.822222) -> (1235.040000,378.822222)
MOVE
(1067.600000,309.777778) -> (1067.600000,308.777778)
(1067.600000,308.777778) -> (1067.600000,307.777778)
(1067.600000,307.777778) -> (1067.600000,306.777778)
(1067.600000,306.777778) -> (1067.600000,305.777778)
(1067.600000,305.777778) -> (1067.600000,304.777778)
MOVE
(1116.440000,666.555556) -> (1117.379693,666.213535)
(1117.379693,666.213535) -> (1118.319385,665.871515)
(1118.319385,665.871515) -> (1119.259078,665.529495)
(1119.259078,665.529495) -> (1120.198770,665.187475)
(1120.198770,665.187475) -> (1121.138463,664.845455)
MOVE
(501.440000,201.355556) -> (501.440000,200.355556)
(501.440000,200.355556) -> (501.440000,199.355556)
(501.440000,199.355556) -> (501.440000,198.355556)
(501.440000,198.355556) -> (501.440000,197.355556)
(501.440000,197.355556) -> (501.440000,196.355556)
MOVE
(1001.000000,266.355556) -> (1001.838671,265.810917)
(1001.838671,265.810917) -> (1002.677341,265.266277)
(1002.677341,265.266277) -> (1003.516012,264.721638)
(1003.516012,264.721638) -> (1004.354682,264.176999)
(1004.354682,264.176999) -> (1005.193353,263.632360)
MOVE
(0.000000,0.000000) -> (0.000000,1.000000)
(0.000000,1.000000) -> (0.000000,2.000000)
(0.000000,2.000000) -> (0.000000,3.000000)
(0.000000,3.000000) -> (0.000000,4.000000)
(0.000000,4.000000) -> (0.000000,5.000000)
MOVE
(0.000000,0.000000) -> (0.000000,1.000000)
(0.000000,1.000000) -> (0.000000,2.000000)
(0.000000,2.000000) -> (0.000000,3.000000)
(0.000000,3.000000) -> (0.000000,4.000000)
(0.000000,4.000000) -> (0.000000,5.000000)
MOVE
(0.000000,0.000000) -> (0.000000,1.000000)
(0.000000,1.000000) -> (0.000000,2.000000)
(0.000000,2.000000) -> (0.000000,3.000000)
(0.000000,3.000000) -> (0.000000,4.000000)
(0.000000,4.000000) -> (0.000000,5.000000)
MOVE
(0.000000,0.000000) -> (0.000000,1.000000)
(0.000000,1.000000) -> (0.000000,2.000000)
(0.000000,2.000000) -> (0.000000,3.000000)
(0.000000,3.000000) -> (0.000000,4.000000)
(0.000000,4.000000) -> (0.000000,5.000000)
MOVE
(0.000000,0.000000) -> (0.000000,1.000000)
(0.000000,1.000000) -> (0.000000,2.000000)
(0.000000,2.000000) -> (0.000000,3.000000)
(0.000000,3.000000) -> (0.000000,4.000000)
(0.000000,4.000000) -> (0.000000,5.000000)
MOVE
(0.000000,0.000000) -> (0.000000,1.000000)
(0.000000,1.000000) -> (0.000000,2.000000)
(0.000000,2.000000) -> (0.000000,3.000000)
(0.000000,3.000000) -> (0.000000,4.000000)
(0.000000,4.000000) -> (0.000000,5.000000)
MOVE
(0.000000,0.000000) -> (0.000000,1.000000)
(0.000000,1.000000) -> (0.000000,2.000000)
(0.000000,2.000000) -> (0.000000,3.000000)
(0.000000,3.000000) -> (0.000000,4.000000)
(0.000000,4.000000) -> (0.000000,5.000000)
MOVE
(0.000000,0.000000) -> (0.000000,1.000000)
(0.000000,1.000000) -> (0.000000,2.000000)
(0.000000,2.000000) -> (0.000000,3.000000)
(0.000000,3.000000) -> (0.000000,4.000000)
(0.000000,4.000000) -> (0.000000,5.000000)
MOVE
(0.000000,0.000000) -> (0.000000,1.000000)
(0.000000,1.000000) -> (0.000000,2.000000)
(0.000000,2.000000) -> (0.000000,3.000000)
(0.000000,3.000000) -> (0.000000,4.000000)
(0.000000,4.000000) -> (0.000000,5.000000)
MOVE
(0.000000,0.000000) -> (0.000000,1.000000)
(0.000000,1.000000) -> (0.000000,2.000000)
(0.000000,2.000000) -> (0.000000,3.000000)
(0.000000,3.000000) -> (0.000000,4.000000)
(0.000000,4.000000) -> (0.000000,5.000000)
MOVE
(0.000000,0.000000) -> (0.000000,1.000000)
(0.000000,1.000000) -> (0.000000,2.000000)
(0.000000,2.000000) -> (0.000000,3.000000)
(0.000000,3.000000) -> (0.000000,4.000000)
(0.000000,4.000000) -> (0.000000,5.000000)
MOVE
(0.000000,0.000000) -> (0.000000,1.000000)
(0.000000,1.000000) -> (0.000000,2.000000)
(0.000000,2.000000) -> (0.000000,3.000000)
(0.000000,3.000000) -> (0.000000,4.000000)
(0.000000,4.000000) -> (0.000000,5.000000)
MOVE
(0.000000,0.000000) -> (0.000000,1.000000)
(0.000000,1.000000) -> (0.000000,2.000000)
(0.000000,2.000000) -> (0.000000,3.000000)
(0.000000,3.000000) -> (0.000000,4.000000)
(0.000000,4.000000) -> (0.000000,5.000000)
MOVE
(0.000000,0.000000) -> (0.000000,1.000000)
(0.000000,1.000000) -> (0.000000,2.000000)
(0.000000,2.000000) -> (0.000000,3.000000)
(0.000000,3.000000) -> (0.000000,4.000000)
(0.000000,4.000000) -> (0.000000,5.000000)
MOVE
(0.000000,0.000000) -> (0.000000,1.000000)
(0.000000,1.000000) -> (0.000000,2.000000)
(0.000000,2.000000) -> (0.000000,3.000000)
(0.000000,3.000000) -> (0.000000,4.000000)
(0.000000,4.000000) -> (0.000000,5.000000)
MOVE
(0.000000,0.000000) -> (0.000000,1.000000)
(0.000000,1.000000) -> (0.000000,2.000000)
(0.000000,2.000000) -> (0.000000,3.000000)
(0.000000,3.000000) -> (0.000000,4.000000)
(0.000000,4.000000) -> (0.000000,5.000000)
MOVE
(0.000000,0.000000) -> (0.000000,1.000000)
(0.000000,1.000000) -> (0.000000,2.000000)
(0.000000,2.000000) -> (0.000000,3.000000)
(0.000000,3.000000) -> (0.000000,4.000000)
(0.000000,4.000000) -> (0.000000,5.000000)
MOVE
(0.000000,0.000000) -> (0.000000,1.000000)
(0.000000,1.000000) -> (0.000000,2.000000)
(0.000000,2.000000) -> (0.000000,3.000000)
(0.000000,3.000000) -> (0.000000,4.000000)
(0.000000,4.000000) -> (0.000000,5.000000)
MOVE
(0.000000,0.000000) -> (0.000000,1.000000)
(0.000000,1.000000) -> (0.000000,2.000000)
(0.000000,2.000000) -> (0.000000,3.000000)
(0.000000,3.000000) -> (0.000000,4.000000)
(0.000000,4.000000) -> (0.000000,5.000000)
MOVE
(0.000000,0.000000) -> (0.000000,1.000000)
(0.000000,1.000000) -> (0.000000,2.000000)
(0.000000,2.000000) -> (0.000000,3.000000)
(0.000000,3.000000) -> (0.000000,4.000000)
(0.000000,4.000000) -> (0.000000,5.000000)
MOVE
(0.000000,0.000000) -> (0.000000,1.000000)
(0.000000,1.000000) -> (0.000000,2.000000)
(0.000000,2.000000) -> (0.000000,3.000000)
(0.000000,3.000000) -> (0.000000,4.000000)
(0.000000,4.000000) -> (0.000000,5.000000)
MOVE
(0.000000,0.000000) -> (0.000000,1.000000)
(0.000000,1.000000) -> (0.000000,2.000000)
(0.000000,2.000000) -> (0.000000,3.000000)
(0.000000,3.000000) -> (0.000000,4.000000)
(0.000000,4.000000) -> (0.000000,5.000000)
MOVE
(0.000000,0.000000) -> (0.000000,1.000000)
(0.000000,1.000000) -> (0.000000,2.000000)
(0.000000,2.000000) -> (0.000000,3.000000)
(0.000000,3.000000) -> (0.000000,4.000000)
(0.000000,4.000000) -> (0.000000,5.000000)
MOVE
(0.000000,0.000000) -> (0.000000,1.000000)
(0.000000,1.000000) -> (0.000000,2.000000)
(0.000000,2.000000) -> (0.000000,3.000000)
(0.000000,3.000000) -> (0.000000,4.000000)
(0.000000,4.000000) -> (0.000000,5.000000)
MOVE
(0.000000,0.000000) -> (0.000000,1.000000)
(0.000000,1.000000) -> (0.000000,2.000000)
(0.000000,2.000000) -> (0.000000,3.000000)
(0.000000,3.000000) -> (0.000000,4.000000)
(0.000000,4.000000) -> (0.000000,5.000000)
MOVE
(0.000000,0.000000) -> (0.000000,1.000000)
(0.000000,1.000000) -> (0.000000,2.000000)
(0.000000,2.000000) -> (0.000000,3.000000)
(0.000000,3.000000) -> (0.000000,4.000000)
(0.000000,4.000000) -> (0.000000,5.000000)
MOVE
(0.000000,0.000000) -> (0.000000,1.000000)
(0.000000,1.000000) -> (0.000000,2.000000)
(0.000000,2.000000) -> (0.000000,3.000000)
(0.000000,3.000000) -> (0.000000,4.000000)
(0.000000,4.000000) -> (0.000000,5.000000)
MOVE
(0.000000,0.000000) -> (0.000000,1.000000)
(0.000000,1.000000) -> (0.000000,2.000000)
(0.000000,2.000000) -> (0.000000,3.000000)
(0.000000,3.000000) -> (0.000000,4.000000)
(0.000000,4.000000) -> (0.000000,5.000000)
MOVE
(0.000000,0.000000) -> (0.000000,1.000000)
(0.000000,1.000000) -> (0.000000,2.000000)
(0.000000,2.000000) -> (0.000000,3.000000)
(0.000000,3.000000) -> (0.000000,4.000000)
(0.000000,4.000000) -> (0.000000,5.000000)
MOVE
(0.000000,0.000000) -> (0.000000,1.000000)
(0.000000,1.000000) -> (0.000000,2.000000)
(0.000000,2.000000) -> (0.000000,3.000000)
(0.000000,3.000000) -> (0.000000,4.000000)
(0.000000,4.000000) -> (0.000000,5.000000)
MOVE
(0.000000,0.000000) -> (0.000000,1.000000)
(0.000000,1.000000) -> (0.000000,2.000000)
(0.000000,2.000000) -> (0.000000,3.000000)
(0.000000,3.000000) -> (0.000000,4.000000)
(0.000000,4.000000) -> (0.000000,5.000000)
MOVE
(0.000000,0.000000) -> (0.000000,1.000000)
(0.000000,1.000000) -> (0.000000,2.000000)
(0.000000,2.000000) -> (0.000000,3.000000)
(0.000000,3.000000) -> (0.000000,4.000000)
(0.000000,4.000000) -> (0.000000,5.000000)
MOVE
(0.000000,0.000000) -> (0.000000,1.000000)
(0.000000,1.000000) -> (0.000000,2.000000)
(0.000000,2.000000) -> (0.000000,3.000000)
(0.000000,3.000000) -> (0.000000,4.000000)
(0.000000,4.000000) -> (0.000000,5.000000)
MOVE
(0.000000,0.000000) -> (0.000000,1.000000)
(0.000000,1.000000) -> (0.000000,2.000000)
(0.000000,2.000000) -> (0.000000,3.000000)
(0.000000,3.000000) -> (0.000000,4.000000)
(0.000000,4.000000) -> (0.000000,5.000000)
MOVE
(0.000000,0.000000) -> (0.000000,1.000000)
(0.000000,1.000000) -> (0.000000,2.000000)
(0.000000,2.000000) -> (0.000000,3.000000)
(0.000000,3.000000) -> (0.000000,4.000000)
(0.000000,4.000000) -> (0.000000,5.000000)
MOVE
(0.000000,0.000000) -> (0.000000,1.000000)
(0.000000,1.000000) -> (0.000000,2.000000)
(0.000000,2.000000) -> (0.000000,3.000000)
(0.000000,3.000000) -> (0.000000,4.000000)
(0.000000,4.000000) -> (0.000000,5.000000)
MOVE
(0.000000,0.000000) -> (0.000000,1.000000)
(0.000000,1.000000) -> (0.000000,2.000000)
(0.000000,2.000000) -> (0.000000,3.000000)
(0.000000,3.000000) -> (0.000000,4.000000)
(0.000000,4.000000) -> (0.000000,5.000000)
MOVE
(0.000000,0.000000) -> (0.000000,1.000000)
(0.000000,1.000000) -> (0.000000,2.000000)
(0.000000,2.000000) -> (0.000000,3.000000)
(0.000000,3.000000) -> (0.000000,4.000000)
(0.000000,4.000000) -> (0.000000,5.000000)
MOVE
(0.000000,0.000000) -> (0.000000,1.000000)
(0.000000,1.000000) -> (0.000000,2.000000)
(0.000000,2.000000) -> (0.000000,3.000000)
(0.000000,3.000000) -> (0.000000,4.000000)
(0.000000,4.000000) -> (0.000000,5.000000)
MOVE
(0.000000,0.000000) -> (0.000000,1.000000)
(0.000000,1.000000) -> (0.000000,2.000000)
(0.000000,2.000000) -> (0.000000,3.000000)
(0.000000,3.000000) -> (0.000000,4.000000)
(0.000000,4.000000) -> (0.000000,5.000000)
MOVE
(0.000000,0.000000) -> (0.000000,1.000000)
(0.000000,1.000000) -> (0.000000,2.000000)
(0.000000,2.000000) -> (0.000000,3.000000)
(0.000000,3.000000) -> (0.000000,4.000000)
(0.000000,4.000000) -> (0.000000,5.000000)
MOVE
(0.000000,0.000000) -> (0.000000,1.000000)
(0.000000,1.000000) -> (0.000000,2.000000)
(0.000000,2.000000) -> (0.000000,3.000000)
(0.000000,3.000000) -> (0.000000,4.000000)
(0.000000,4.000000) -> (0.000000,5.000000)
MOVE
(0.000000,0.000000) -> (0.000000,1.000000)
(0.000000,1.000000) -> (0.000000,2.000000)
(0.000000,2.000000) -> (0.000000,3.000000)
(0.000000,3.000000) -> (0.000000,4.000000)
(0.000000,4.000000) -> (0.000000,5.000000)
MOVE
(0.000000,0.000000) -> (0.000000,1.000000)
(0.000000,1.000000) -> (0.000000,2.000000)
(0.000000,2.000000) -> (0.000000,3.000000)
(0.000000,3.000000) -> (0.000000,4.000000)
(0.000000,4.000000) -> (0.000000,5.000000)
MOVE
(0.000000,0.000000) -> (0.000000,1.000000)
(0.000000,1.000000) -> (0.000000,2.000000)
(0.000000,2.000000) -> (0.000000,3.000000)
(0.000000,3.000000) -> (0.000000,4.000000)
(0.000000,4.000000) -> (0.000000,5.000000)
MOVE
(0.000000,0.000000) -> (0.000000,1.000000)
(0.000000,1.000000) -> (0.000000,2.000000)
(0.000000,2.000000) -> (0.000000,3.000000)
(0.000000,3.000000) -> (0.000000,4.000000)
(0.000000,4.000000) -> (0.000000,5.000000)
MOVE
(0.000000,0.000000) -> (0.000000,1.000000)
(0.000000,1.000000) -> (0.000000,2.000000)
(0.000000,2.000000) -> (0.000000,3.000000)
(0.000000,3.000000) -> (0.000000,4.000000)
(0.000000,4.000000) -> (0.000000,5.000000)
MOVE
(0.000000,0.000000) -> (0.000000,1.000000)
(0.000000,1.000000) -> (0.000000,2.000000)
(0.000000,2.000000) -> (0.000000,3.000000)
(0.000000,3.000000) -> (0.000000,4.000000)
(0.000000,4.000000) -> (0.000000,5.000000)
MOVE
(0.000000,0.000000) -> (0.000000,1.000000)
(0.000000,1.000000) -> (0.000000,2.000000)
(0.000000,2.000000) -> (0.000000,3.000000)
(0.000000,3.000000) -> (0.000000,4.000000)
(0.000000,4.000000) -> (0.000000,5.000000)
MOVE
(0.000000,0.000000) -> (0.000000,1.000000)
(0.000000,1.000000) -> (0.000000,2.000000)
(0.000000,2.000000) -> (0.000000,3.000000)
(0.000000,3.000000) -> (0.000000,4.000000)
(0.000000,4.000000) -> (0.000000,5.000000)
MOVE
(0.000000,0.000000) -> (0.000000,1.000000)
(0.000000,1.000000) -> (0.000000,2.000000)
(0.000000,2.000000) -> (0.000000,3.000000)
(0.000000,3.000000) -> (0.000000,4.000000)
(0.000000,4.000000) -> (0.000000,5.000000)
MOVE
(0.000000,0.000000) -> (0.000000,1.000000)
(0.000000,1.000000) -> (0.000000,2.000000)
(0.000000,2.000000) -> (0.000000,3.000000)
(0.000000,3.000000) -> (0.000000,4.000000)
(0.000000,4.000000) -> (0.000000,5.000000)
MOVE
(0.000000,0.000000) -> (0.000000,1.000000)
(0.000000,1.000000) -> (0.000000,2.000000)
(0.000000,2.000000) -> (0.000000,3.000000)
(0.000000,3.000000) -> (0.000000,4.000000)
(0.000000,4.000000) -> (0.000000,5.000000)
MOVE
(0.000000,0.000000) -> (0.000000,1.000000)
(0.000000,1.000000) -> (0.000000,2.000000)
(0.000000,2.000000) -> (0.000000,3.000000)
(0.000000,3.000000) -> (0.000000,4.000000)
(0.000000,4.000000) -> (0.000000,5.000000)
MOVE
(0.000000,0.000000) -> (0.000000,1.000000)
(0.000000,1.000000) -> (0.000000,2.000000)
(0.000000,2.000000) -> (0.000000,3.000000)
(0.000000,3.000000) -> (0.000000,4.000000)
(0.000000,4.000000) -> (0.000000,5.000000)
MOVE
(0.000000,0.000000) -> (0.000000,1.000000)
(0.000000,1.000000) -> (0.000000,2.000000)
(0.000000,2.000000) -> (0.000000,3.000000)
(0.000000,3.000000) -> (0.000000,4.000000)
(0.000000,4.000000) -> (0.000000,5.000000)
MOVE
(0.000000,0.000000) -> (0.000000,1.000000)
(0.000000,1.000000) -> (0.000000,2.000000)
(0.000000,2.000000) -> (0.000000,3.000000)
(0.000000,3.000000) -> (0.000000,4.000000)
(0.000000,4.000000) -> (0.000000,5.000000)
MOVE
(0.000000,0.000000) -> (0.000000,1.000000)
(0.000000,1.000000) -> (0.000000,2.000000)
(0.000000,2.000000) -> (0.000000,3.000000)
(0.000000,3.000000) -> (0.000000,4.000000)
(0.000000,4.000000) -> (0.000000,5.000000)
MOVE
(0.000000,0.000000) -> (0.000000,1.000000)
(0.000000,1.000000) -> (0.000000,2.000000)
(0.000000,2.000000) -> (0.000000,3.000000)
(0.000000,3.000000) -> (0.000000,4.000000)
(0.000000,4.000000) -> (0.000000,5.000000)
MOVE
(0.000000,0.000000) -> (0.000000,1.000000)
(0.000000,1.000000) -> (0.000000,2.000000)
(0.000000,2.000000) -> (0.000000,3.000000)
(0.000000,3.000000) -> (0.000000,4.000000)
(0.000000,4.000000) -> (0.000000,5.000000)
MOVE
(0.000000,0.000000) -> (0.000000,1.000000)
(0.000000,1.000000) -> (0.000000,2.000000)
(0.000000,2.000000) -> (0.000000,3.000000)
(0.000000,3.000000) -> (0.000000,4.000000)
(0.000000,4.000000) -> (0.000000,5.000000)
MOVE
(0.000000,0.000000) -> (0.000000,1.000000)
(0.000000,1.000000) -> (0.000000,2.000000)
(0.000000,2.000000) -> (0.000000,3.000000)
(0.000000,3.000000) -> (0.000000,4.000000)
(0.000000,4.000000) -> (0.000000,5.000000)
MOVE
(0.000000,0.000000) -> (0.000000,1.000000)
(0.000000,1.000000) -> (0.000000,2.000000)
(0.000000,2.000000) -> (0.000000,3.000000)
(0.000000,3.000000) -> (0.000000,4.000000)
(0.000000,4.000000) -> (0.000000,5.000000)
MOVE
(0.000000,0.000000) -> (0.000000,1.000000)
(0.000000,1.000000) -> (0.000000,2.000000)
(0.000000,2.000000) -> (0.000000,3.000000)
(0.000000,3.000000) -> (0.000000,4.000000)
(0.000000,4.000000) -> (0.000000,5.000000)
MOVE
(0.000000,0.000000) -> (0.000000,1.000000)
(0.000000,1.000000) -> (0.000000,2.000000)
(0.000000,2.000000) -> (0.000000,3.000000)
(0.000000,3.000000) -> (0.000000,4.000000)
(0.000000,4.000000) -> (0.000000,5.000000)
MOVE
(0.000000,0.000000) -> (0.000000,1.000000)
(0.000000,1.000000) -> (0.000000,2.000000)
(0.000000,2.000000) -> (0.000000,3.000000)
(0.000000,3.000000) -> (0.000000,4.000000)
(0.000000,4.000000) -> (0.000000,5.000000)
MOVE
(0.000000,0.000000) -> (0.000000,1.000000)
(0.000000,1.000000) -> (0.000000,2.000000)
(0.000000,2.000000) -> (0.000000,3.000000)
(0.000000,3.000000) -> (0.000000,4.000000)
(0.000000,4.000000) -> (0.000000,5.000000)
MOVE
(0.000000,0.000000) -> (0.000000,1.000000)
(0.000000,1.000000) -> (0.000000,2.000000)
(0.000000,2.000000) -> (0.000000,3.000000)
(0.000000,3.000000) -> (0.000000,4.000000)
(0.000000,4.000000) -> (0.000000,5.000000)
MOVE
(0.000000,0.000000) -> (0.000000,1.000000)
(0.000000,1.000000) -> (0.000000,2.000000)
(0.000000,2.000000) -> (0.000000,3.000000)
(0.000000,3.000000) -> (0.000000,4.000000)
(0.000000,4.000000) -> (0.000000,5.000000)
MOVE
(0.000000,0.000000) -> (0.000000,1.000000)
(0.000000,1.000000) -> (0.000000,2.000000)
(0.000000,2.000000) -> (0.000000,3.000000)
(0.000000,3.000000) -> (0.000000,4.000000)
(0.000000,4.000000) -> (0.000000,5.000000)
MOVE
(0.000000,0.000000) -> (0.000000,1.000000)
(0.000000,1.000000) -> (0.000000,2.000000)
(0.000000,2.000000) -> (0.000000,3.000000)
(0.000000,3.000000) -> (0.000000,4.000000)
(0.000000,4.000000) -> (0.000000,5.000000)
MOVE
(0.000000,0.000000) -> (0.000000,1.000000)
(0.000000,1.000000) -> (0.000000,2.000000)
(0.000000,2.000000) -> (0.000000,3.000000)
(0.000000,3.000000) -> (0.000000,4.000000)
(0.000000,4.000000) -> (0.000000,5.000000)
MOVE
(0.000000,0.000000) -> (0.000000,1.000000)
(0.000000,1.000000) -> (0.000000,2.000000)
(0.000000,2.000000) -> (0.000000,3.000000)
(0.000000,3.000000) -> (0.000000,4.000000)
(0.000000,4.000000) -> (0.000000,5.000000)
MOVE
(0.000000,0.000000) -> (0.000000,1.000000)
(0.000000,1.000000) -> (0.000000,2.000000)
(0.000000,2.000000) -> (0.000000,3.000000)
(0.000000,3.000000) -> (0.000000,4.000000)
(0.000000,4.000000) -> (0.000000,5.000000)
MOVE
(0.000000,0.000000) -> (0.000000,1.000000)
(0.000000,1.000000) -> (0.000000,2.000000)
(0.000000,2.000000) -> (0.000000,3.000000)
(0.000000,3.000000) -> (0.000000,4.000000)
(0.000000,4.000000) -> (0.000000,5.000000)
MOVE
(0.000000,0.000000) -> (0.000000,1.000000)
(0.000000,1.000000) -> (0.000000,2.000000)
(0.000000,2.000000) -> (0.000000,3.000000)
(0.000000,3.000000) -> (0.000000,4.000000)
(0.000000,4.000000) -> (0.000000,5.000000)
MOVE
(0.000000,0.000000) -> (0.000000,1.000000)
(0.000000,1.000000) -> (0.000000,2.000000)
(0.000000,2.000000) -> (0.000000,3.000000)
(0.000000,3.000000) -> (0.000000,4.000000)
(0.000000,4.000000) -> (0.000000,5.000000)
MOVE
(0.000000,0.000000) -> (0.000000,1.000000)
(0.000000,1.000000) -> (0.000000,2.000000)
(0.000000,2.000000) -> (0.000000,3.000000)
(0.000000,3.000000) -> (0.000000,4.000000)
(0.000000,4.000000) -> (0.000000,5.000000)
MOVE
(0.000000,0.000000) -> (0.000000,1.000000)
(0.000000,1.000000) -> (0.000000,2.000000)
(0.000000,2.000000) -> (0.000000,3.000000)
(0.000000,3.000000) -> (0.000000,4.000000)
(0.000000,4.000000) -> (0.000000,5.000000)
MOVE
(0.000000,0.000000) -> (0.000000,1.000000)
(0.000000,1.000000) -> (0.000000,2.000000)
(0.000000,2.000000) -> (0.000000,3.000000)
(0.000000,3.000000) -> (0.000000,4.000000)
(0.000000,4.000000) -> (0.000000,5.000000)
MOVE
(0.000000,0.000000) -> (0.000000,1.000000)
(0.000000,1.000000) -> (0.000000,2.000000)
(0.000000,2.000000) -> (0.000000,3.000000)
(0.000000,3.000000) -> (0.000000,4.000000)
(0.000000,4.000000) -> (0.000000,5.000000)
MOVE
(0.000000,0.000000) -> (0.000000,1.000000)
(0.000000,1.000000) -> (0.000000,2.000000)
(0.000000,2.000000) -> (0.000000,3.000000)
(0.000000,3.000000) -> (0.000000,4.000000)
(0.000000,4.000000) -> (0.000000,5.000000)
MOVE
(0.000000,0.000000) -> (0.000000,1.000000)
(0.000000,1.000000) -> (0.000000,2.000000)
(0.000000,2.000000) -> (0.000000,3.000000)
(0.000000,3.000000) -> (0.000000,4.000000)
(0.000000,4.000000) -> (0.000000,5.000000)
MOVE
(0.000000,0.000000) -> (0.000000,1.000000)
(0.000000,1.000000) -> (0.000000,2.000000)
(0.000000,2.000000) -> (0.000000,3.000000)
(0.000000,3.000000) -> (0.000000,4.000000)
(0.000000,4.000000) -> (0.000000,5.000000)
MOVE
(0.000000,0.000000) -> (0.000000,1.000000)
(0.000000,1.000000) -> (0.000000,2.000000)
(0.000000,2.000000) -> (0.000000,3.000000)
(0.000000,3.000000) -> (0.000000,4.000000)
(0.000000,4.000000) -> (0.000000,5.000000)
MOVE
(0.000000,0.000000) -> (0.000000,1.000000)
(0.000000,1.000000) -> (0.000000,2.000000)
(0.000000,2.000000) -> (0.000000,3.000000)
(0.000000,3.000000) -> (0.000000,4.000000)
(0.000000,4.000000) -> (0.000000,5.000000)
MOVE
(0.000000,0.000000) -> (0.000000,1.000000)
(0.000000,1.000000) -> (0.000000,2.000000)
(0.000000,2.000000) -> (0.000000,3.000000)
(0.000000,3.000000) -> (0.000000,4.000000)
(0.000000,4.000000) -> (0.000000,5.000000)
MOVE
(0.000000,0.000000) -> (0.000000,1.000000)
(0.000000,1.000000) -> (0.000000,2.000000)
(0.000000,2.000000) -> (0.000000,3.000000)
(0.000000,3.000000) -> (0.000000,4.000000)
(0.000000,4.000000) -> (0.000000,5.000000)
MOVE
(0.000000,0.000000) -> (0.000000,1.000000)
(0.000000,1.000000) -> (0.000000,2.000000)
(0.000000,2.000000) -> (0.000000,3.000000)
(0.000000,3.000000) -> (0.000000,4.000000)
(0.000000,4.000000) -> (0.000000,5.000000)
MOVE
(0.000000,0.000000) -> (0.000000,1.000000)
(0.000000,1.000000) -> (0.000000,2.000000)
(0.000000,2.000000) -> (0.000000,3.000000)
(0.000000,3.000000) -> (0.000000,4.000000)
(0.000000,4.000000) -> (0.000000,5.000000)
MOVE
(0.000000,0.000000) -> (0.000000,1.000000)
(0.000000,1.000000) -> (0.000000,2.000000)
(0.000000,2.000000) -> (0.000000,3.000000)
(0.000000,3.000000) -> (0.000000,4.000000)
(0.000000,4.000000) -> (0.000000,5.000000)
MOVE
(0.000000,0.000000) -> (0.000000,1.000000)
(0.000000,1.000000) -> (0.000000,2.000000)
(0.000000,2.000000) -> (0.000000,3.000000)
(0.000000,3.000000) -> (0.000000,4.000000)
(0.000000,4.000000) -> (0.000000,5.000000)
MOVE
(0.000000,0.000000) -> (0.000000,1.000000)
(0.000000,1.000000) -> (0.000000,2.000000)
(0.000000,2.000000) -> (0.000000,3.000000)
(0.000000,3.000000) -> (0.000000,4.000000)
(0.000000,4.000000) -> (0.000000,5.000000)
MOVE
(0.000000,0.000000) -> (0.000000,1.000000)
(0.000000,1.000000) -> (0.000000,2.000000)
(0.000000,2.000000) -> (0.000000,3.000000)
(0.000000,3.000000) -> (0.000000,4.000000)
(0.000000,4.000000) -> (0.000000,5.000000)
MOVE
(0.000000,0.000000) -> (0.000000,1.000000)
(0.000000,1.000000) -> (0.000000,2.000000)
(0.000000,2.000000) -> (0.000000,3.000000)
(0.000000,3.000000) -> (0.000000,4.000000)
(0.000000,4.000000) -> (0.000000,5.000000)
MOVE
(0.000000,0.000000) -> (0.000000,1.000000)
(0.000000,1.000000) -> (0.000000,2.000000)
(0.000000,2.000000) -> (0.000000,3.000000)
(0.000000,3.000000) -> (0.000000,4.000000)
(0.000000,4.000000) -> (0.000000,5.000000)
MOVE
(0.000000,0.000000) -> (0.000000,1.000000)
(0.000000,1.000000) -> (0.000000,2.000000)
(0.000000,2.000000) -> (0.000000,3.000000)
(0.000000,3.000000) -> (0.000000,4.000000)
(0.000000,4.000000) -> (0.000000,5.000000)
MOVE
(0.000000,0.000000) -> (0.000000,1.000000)
(0.000000,1.000000) -> (0.000000,2.000000)
(0.000000,2.000000) -> (0.000000,3.000000)
(0.000000,3.000000) -> (0.000000,4.000000)
(0.000000,4.000000) -> (0.000000,5.000000)
MOVE
(0.000000,0.000000) -> (0.000000,1.000000)
(0.000000,1.000000) -> (0.000000,2.000000)
(0.000000,2.000000) -> (0.000000,3.000000)
(0.000000,3.000000) -> (0.000000,4.000000)
(0.000000,4.000000) -> (0.000000,5.000000)
MOVE
(0.000000,0.000000) -> (0.000000,1.000000)
(0.000000,1.000000) -> (0.000000,2.000000)
(0.000000,2.000000) -> (0.000000,3.000000)
(0.000000,3.000000) -> (0.000000,4.000000)
(0.000000,4.000000) -> (0.000000,5.000000)
MOVE
(0.000000,0.000000) -> (0.000000,1.000000)
(0.000000,1.000000) -> (0.000000,2.000000)
(0.000000,2.000000) -> (0.000000,3.000000)
(0.000000,3.000000) -> (0.000000,4.000000)
(0.000000,4.000000) -> (0.000000,5.000000)
MOVE
(0.000000,0.000000) -> (0.000000,1.000000)
(0.000000,1.000000) -> (0.000000,2.000000)
(0.000000,2.000000) -> (0.000000,3.000000)
(0.000000,3.000000) -> (0.000000,4.000000)
(0.000000,4.000000) -> (0.000000,5.000000)
MOVE
(0.000000,0.000000) -> (0.000000,1.000000)
(0.000000,1.000000) -> (0.000000,2.000000)
(0.000000,2.000000) -> (0.000000,3.000000)
(0.000000,3.000000) -> (0.000000,4.000000)
(0.000000,4.000000) -> (0.000000,5.000000)
MOVE
(0.000000,0.000000) -> (0.000000,1.000000)
(0.000000,1.000000) -> (0.000000,2.000000)
(0.000000,2.000000) -> (0.000000,3.000000)
(0.000000,3.000000) -> (0.000000,4.000000)
(0.000000,4.000000) -> (0.000000,5.000000)
MOVE
(0.000000,0.000000) -> (0.000000,1.000000)
(0.000000,1.000000) -> (0.000000,2.000000)
(0.000000,2.000000) -> (0.000000,3.000000)
(0.000000,3.000000) -> (0.000000,4.000000)
(0.000000,4.000000) -> (0.000000,5.000000)
MOVE
(0.000000,0.000000) -> (0.000000,1.000000)
(0.000000,1.000000) -> (0.000000,2.000000)
(0.000000,2.000000) -> (0.000000,3.000000)
(0.000000,3.000000) -> (0.000000,4.000000)
(0.000000,4.000000) -> (0.000000,5.000000)
MOVE
(0.000000,0.000000) -> (0.000000,1.000000)
(0.000000,1.000000) -> (0.000000,2.000000)
(0.000000,2.000000) -> (0.000000,3.000000)
(0.000000,3.000000) -> (0.000000,4.000000)
(0.000000,4.000000) -> (0.000000,5.000000)
MOVE
(0.000000,0.000000) -> (0.000000,1.000000)
(0.000000,1.000000) -> (0.000000,2.000000)
(0.000000,2.000000) -> (0.000000,3.000000)
(0.000000,3.000000) -> (0.000000,4.000000)
(0.000000,4.000000) -> (0.000000,5.000000)
MOVE
(0.000000,0.000000) -> (0.000000,1.000000)
(0.000000,1.000000) -> (0.000000,2.000000)
(0.000000,2.000000) -> (0.000000,3.000000)
(0.000000,3.000000) -> (0.000000,4.000000)
(0.000000,4.000000) -> (0.000000,5.000000)
MOVE
(0.000000,0.000000) -> (0.000000,1.000000)
(0.000000,1.000000) -> (0.000000,2.000000)
(0.000000,2.000000) -> (0.000000,3.000000)
(0.000000,3.000000) -> (0.000000,4.000000)
(0.000000,4.000000) -> (0.000000,5.000000)
MOVE
(0.000000,0.000000) -> (0.000000,1.000000)
(0.000000,1.000000) -> (0.000000,2.000000)
(0.000000,2.000000) -> (0.000000,3.000000)
(0.000000,3.000000) -> (0.000000,4.000000)
(0.000000,4.000000) -> (0.000000,5.000000)
MOVE
(0.000000,0.000000) -> (0.000000,1.000000)
(0.000000,1.000000) -> (0.000000,2.000000)
(0.000000,2.000000) -> (0.000000,3.000000)
(0.000000,3.000000) -> (0.000000,4.000000)
(0.000000,4.000000) -> (0.000000,5.000000)
MOVE
(0.000000,0.000000) -> (0.000000,1.000000)
(0.000000,1.000000) -> (0.000000,2.000000)
(0.000000,2.000000) -> (0.000000,3.000000)
(0.000000,3.000000) -> (0.000000,4.000000)
(0.000000,4.000000) -> (0.000000,5.000000)
MOVE
(0.000000,0.000000) -> (0.000000,1.000000)
(0.000000,1.000000) -> (0.000000,2.000000)
(0.000000,2.000000) -> (0.000000,3.000000)
(0.000000,3.000000) -> (0.000000,4.000000)
(0.000000,4.000000) -> (0.000000,5.000000)
MOVE
(0.000000,0.000000) -> (0.000000,1.000000)
(0.000000,1.000000) -> (0.000000,2.000000)
(0.000000,2.000000) -> (0.000000,3.000000)
(0.000000,3.000000) -> (0.000000,4.000000)
(0.000000,4.000000) -> (0.000000,5.000000)
MOVE
(0.000000,0.000000) -> (0.000000,1.000000)
(0.000000,1.000000) -> (0.000000,2.000000)
(0.000000,2.000000) -> (0.000000,3.000000)
(0.000000,3.000000) -> (0.000000,4.000000)
(0.000000,4.000000) -> (0.000000,5.000000)
MOVE
(0.000000,0.000000) -> (0.000000,1.000000)
(0.000000,1.000000) -> (0.000000,2.000000)
(0.000000,2.000000) -> (0.000000,3.000000)
(0.000000,3.000000) -> (0.000000,4.000000)
(0.000000,4.000000) -> (0.000000,5.000000)
MOVE
(0.000000,0.000000) -> (0.000000,1.000000)
(0.000000,1.000000) -> (0.000000,2.000000)
(0.000000,2.000000) -> (0.000000,3.000000)
(0.000000,3.000000) -> (0.000000,4.000000)
(0.000000,4.000000) -> (0.000000,5.000000)
MOVE
(0.000000,0.000000) -> (0.000000,1.000000)
(0.000000,1.000000) -> (0.000000,2.000000)
(0.000000,2.000000) -> (0.000000,3.000000)
(0.000000,3.000000) -> (0.000000,4.000000)
(0.000000,4.000000) -> (0.000000,5.000000)
MOVE
(0.000000,0.000000) -> (0.000000,1.000000)
(0.000000,1.000000) -> (0.000000,2.000000)
(0.000000,2.000000) -> (0.000000,3.000000)
(0.000000,3.000000) -> (0.000000,4.000000)
(0.000000,4.000000) -> (0.000000,5.000000)
MOVE
(0.000000,0.000000) -> (0.000000,1.000000)
(0.000000,1.000000) -> (0.000000,2.000000)
(0.000000,2.000000) -> (0.000000,3.000000)
(0.000000,3.000000) -> (0.000000,4.000000)
(0.000000,4.000000) -> (0.000000,5.000000)
MOVE
(0.000000,0.000000) -> (0.000000,1.000000)
(0.000000,1.000000) -> (0.000000,2.000000)
(0.000000,2.000000) -> (0.000000,3.000000)
(0.000000,3.000000) -> (0.000000,4.000000)
(0.000000,4.000000) -> (0.000000,5.000000)
MOVE
(0.000000,0.000000) -> (0.000000,1.000000)
(0.000000,1.000000) -> (0.000000,2.000000)
(0.000000,2.000000) -> (0.000000,3.000000)
(0.000000,3.000000) -> (0.000000,4.000000)
(0.000000,4.000000) -> (0.000000,5.000000)
MOVE
(0.000000,0.000000) -> (0.000000,1.000000)
(0.000000,1.000000) -> (0.000000,2.000000)
(0.000000,2.000000) -> (0.000000,3.000000)
(0.000000,3.000000) -> (0.000000,4.000000)
(0.000000,4.000000) -> (0.000000,5.000000)
MOVE
(0.000000,0.000000) -> (0.000000,1.000000)
(0.000000,1.000000) -> (0.000000,2.000000)
(0.000000,2.000000) -> (0.000000,3.000000)
(0.000000,3.000000) -> (0.000000,4.000000)
(0.000000,4.000000) -> (0.000000,5.000000)
MOVE
(0.000000,0.000000) -> (0.000000,1.000000)
(0.000000,1.000000) -> (0.000000,2.000000)
(0.000000,2.000000) -> (0.000000,3.000000)
(0.000000,3.000000) -> (0.000000,4.000000)
(0.000000,4.000000) -> (0.000000,5.000000)
MOVE
(0.000000,0.000000) -> (0.000000,1.000000)
(0.000000,1.000000) -> (0.000000,2.000000)
(0.000000,2.000000) -> (0.000000,3.000000)
(0.000000,3.000000) -> (0.000000,4.000000)
(0.000000,4.000000) -> (0.000000,5.000000)
MOVE
(0.000000,0.000000) -> (0.000000,1.000000)
(0.000000,1.000000) -> (0.000000,2.000000)
(0.000000,2.000000) -> (0.000000,3.000000)
(0.000000,3.000000) -> (0.000000,4.000000)
(0.000000,4.000000) -> (0.000000,5.000000)
MOVE
(0.000000,0.000000) -> (0.000000,1.000000)
(0.000000,1.000000) -> (0.000000,2.000000)
(0.000000,2.000000) -> (0.000000,3.000000)
(0.000000,3.000000) -> (0.000000,4.000000)
(0.000000,4.000000) -> (0.000000,5.000000)
MOVE
(0.000000,0.000000) -> (0.000000,1.000000)
(0.000000,1.000000) -> (0.000000,2.000000)
(0.000000,2.000000) -> (0.000000,3.000000)
(0.000000,3.000000) -> (0.000000,4.000000)
(0.000000,4.000000) -> (0.000000,5.000000)
MOVE
(0.000000,0.000000) -> (0.000000,1.000000)
(0.000000,1.000000) -> (0.000000,2.000000)
(0.000000,2.000000) -> (0.000000,3.000000)
(0.000000,3.000000) -> (0.000000,4.000000)
(0.000000,4.000000) -> (0.000000,5.000000)
MOVE
(0.000000,0.000000) -> (0.000000,1.000000)
(0.000000,1.000000) -> (0.000000,2.000000)
(0.000000,2.000000) -> (0.000000,3.000000)
(0.000000,3.000000) -> (0.000000,4.000000)
(0.000000,4.000000) -> (0.000000,5.000000)
MOVE
(0.000000,0.000000) -> (0.000000,1.000000)
(0.000000,1.000000) -> (0.000000,2.000000)
(0.000000,2.000000) -> (0.000000,3.000000)
(0.000000,3.000000) -> (0.000000,4.000000)
(0.000000,4.000000) -> (0.000000,5.000000)
MOVE
(0.000000,0.000000) -> (0.000000,1.000000)
(0.000000,1.000000) -> (0.000000,2.000000)
(0.000000,2.000000) -> (0.000000,3.000000)
(0.000000,3.000000) -> (0.000000,4.000000)
(0.000000,4.000000) -> (0.000000,5.000000)
MOVE
(0.000000,0.000000) -> (0.000000,1.000000)
(0.000000,1.000000) -> (0.000000,2.000000)
(0.000000,2.000000) -> (0.000000,3.000000)
(0.000000,3.000000) -> (0.000000,4.000000)
(0.000000,4.000000) -> (0.000000,5.000000)
MOVE
(0.000000,0.000000) -> (0.000000,1.000000)
(0.000000,1.000000) -> (0.000000,2.000000)
(0.000000,2.000000) -> (0.000000,3.000000)
(0.000000,3.000000) -> (0.000000,4.000000)
(0.000000,4.000000) -> (0.000000,5.000000)
MOVE
(0.000000,0.000000) -> (0.000000,1.000000)
(0.000000,1.000000) -> (0.000000,2.000000)
(0.000000,2.000000) -> (0.000000,3.000000)
(0.000000,3.000000) -> (0.000000,4.000000)
(0.000000,4.000000) -> (0.000000,5.000000)
MOVE
(0.000000,0.000000) -> (0.000000,1.000000)
(0.000000,1.000000) -> (0.000000,2.000000)
(0.000000,2.000000) -> (0.000000,3.000000)
(0.000000,3.000000) -> (0.000000,4.000000)
(0.000000,4.000000) -> (0.000000,5.000000)
MOVE
(0.000000,0.000000) -> (0.000000,1.000000)
(0.000000,1.000000) -> (0.000000,2.000000)
(0.000000,2.000000) -> (0.000000,3.000000)
(0.000000,3.000000) -> (0.000000,4.000000)
(0.000000,4.000000) -> (0.000000,5.000000)
MOVE
(0.000000,0.000000) -> (0.000000,1.000000)
(0.000000,1.000000) -> (0.000000,2.000000)
(0.000000,2.000000) -> (0.000000,3.000000)
(0.000000,3.000000) -> (0.000000,4.000000)
(0.000000,4.000000) -> (0.000000,5.000000)
MOVE
(0.000000,0.000000) -> (0.000000,1.000000)
(0.000000,1.000000) -> (0.000000,2.000000)
(0.000000,2.000000) -> (0.000000,3.000000)
(0.000000,3.000000) -> (0.000000,4.000000)
(0.000000,4.000000) -> (0.000000,5.000000)
MOVE
(0.000000,0.000000) -> (0.000000,1.000000)
(0.000000,1.000000) -> (0.000000,2.000000)
(0.000000,2.000000) -> (0.000000,3.000000)
(0.000000,3.000000) -> (0.000000,4.000000)
(0.000000,4.000000) -> (0.000000,5.000000)
MOVE
(0.000000,0.000000) -> (0.000000,1.000000)
(0.000000,1.000000) -> (0.000000,2.000000)
(0.000000,2.000000) -> (0.000000,3.000000)
(0.000000,3.000000) -> (0.000000,4.000000)
(0.000000,4.000000) -> (0.000000,5.000000)
MOVE
(0.000000,0.000000) -> (0.000000,1.000000)
(0.000000,1.000000) -> (0.000000,2.000000)
(0.000000,2.000000) -> (0.000000,3.000000)
(0.000000,3.000000) -> (0.000000,4.000000)
(0.000000,4.000000) -> (0.000000,5.000000)
MOVE
(0.000000,0.000000) -> (0.000000,1.000000)
(0.000000,1.000000) -> (0.000000,2.000000)
(0.000000,2.000000) -> (0.000000,3.000000)
(0.000000,3.000000) -> (0.000000,4.000000)
(0.000000,4.000000) -> (0.000000,5.000000)
MOVE
(0.000000,0.000000) -> (0.000000,1.000000)
(0.000000,1.000000) -> (0.000000,2.000000)
(0.000000,2.000000) -> (0.000000,3.000000)
(0.000000,3.000000) -> (0.000000,4.000000)
(0.000000,4.000000) -> (0.000000,5.000000)
MOVE
(0.000000,0.000000) -> (0.000000,1.000000)
(0.000000,1.000000) -> (0.000000,2.000000)
(0.000000,2.000000) -> (0.000000,3.000000)
(0.000000,3.000000) -> (0.000000,4.000000)
(0.000000,4.000000) -> (0.000000,5.000000)
MOVE
(0.000000,0.000000) -> (0.000000,1.000000)
(0.000000,1.000000) -> (0.000000,2.000000)
(0.000000,2.000000) -> (0.000000,3.000000)
(0.000000,3.000000) -> (0.000000,4.000000)
(0.000000,4.000000) -> (0.000000,5.000000)
MOVE
(0.000000,0.000000) -> (0.000000,1.000000)
(0.000000,1.000000) -> (0.000000,2.000000)
(0.000000,2.000000) -> (0.000000,3.000000)
(0.000000,3.000000) -> (0.000000,4.000000)
(0.000000,4.000000) -> (0.000000,5.000000)
MOVE
(0.000000,0.000000) -> (0.000000,1.000000)
(0.000000,1.000000) -> (0.000000,2.000000)
(0.000000,2.000000) -> (0.000000,3.000000)
(0.000000,3.000000) -> (0.000000,4.000000)
(0.000000,4.000000) -> (0.000000,5.000000)
MOVE
(0.000000,0.000000) -> (0.000000,1.000000)
(0.000000,1.000000) -> (0.000000,2.000000)
(0.000000,2.000000) -> (0.000000,3.000000)
(0.000000,3.000000) -> (0.000000,4.000000)
(0.000000,4.000000) -> (0.000000,5.000000)
MOVE
(0.000000,0.000000) -> (0.000000,1.000000)
(0.000000,1.000000) -> (0.000000,2.000000)
(0.000000,2.000000) -> (0.000000,3.000000)
(0.000000,3.000000) -> (0.000000,4.000000)
(0.000000,4.000000) -> (0.000000,5.000000)
MOVE
(0.000000,0.000000) -> (0.000000,1.000000)
(0.000000,1.000000) -> (0.000000,2.000000)
(0.000000,2.000000) -> (0.000000,3.000000)
(0.000000,3.000000) -> (0.000000,4.000000)
(0.000000,4.000000) -> (0.000000,5.000000)
MOVE
(0.000000,0.000000) -> (0.000000,1.000000)
(0.000000,1.000000) -> (0.000000,2.000000)
(0.000000,2.000000) -> (0.000000,3.000000)
(0.000000,3.000000) -> (0.000000,4.000000)
(0.000000,4.000000) -> (0.000000,5.000000)
MOVE
(0.000000,0.000000) -> (0.000000,1.000000)
(0.000000,1.000000) -> (0.000000,2.000000)
(0.000000,2.000000) -> (0.000000,3.000000)
(0.000000,3.000000) -> (0.000000,4.000000)
(0.000000,4.000000) -> (0.000000,5.000000)
MOVE
(0.000000,0.000000) -> (0.000000,1.000000)
(0.000000,1.000000) -> (0.000000,2.000000)
(0.000000,2.000000) -> (0.000000,3.000000)
(0.000000,3.000000) -> (0.000000,4.000000)
(0.000000,4.000000) -> (0.000000,5.000000)
MOVE
(0.000000,0.000000) -> (0.000000,1.000000)
(0.000000,1.000000) -> (0.000000,2.000000)
(0.000000,2.000000) -> (0.000000,3.000000)
(0.000000,3.000000) -> (0.000000,4.000000)
(0.000000,4.000000) -> (0.000000,5.000000)
MOVE
(0.000000,0.000000) -> (0.000000,1.000000)
(0.000000,1.000000) -> (0.000000,2.000000)
(0.000000,2.000000) -> (0.000000,3.000000)
(0.000000,3.000000) -> (0.000000,4.000000)
(0.000000,4.000000) -> (0.000000,5.000000)
MOVE
(0.000000,0.000000) -> (0.000000,1.000000)
(0.000000,1.000000) -> (0.000000,2.000000)
(0.000000,2.000000) -> (0.000000,3.000000)
(0.000000,3.000000) -> (0.000000,4.000000)
(0.000000,4.000000) -> (0.000000,5.000000)
MOVE
(0.000000,0.000000) -> (0.000000,1.000000)
(0.000000,1.000000) -> (0.000000,2.000000)
(0.000000,2.000000) -> (0.000000,3.000000)
(0.000000,3.000000) -> (0.000000,4.000000)
(0.000000,4.000000) -> (0.000000,5.000000)
MOVE
(0.000000,0.000000) -> (0.000000,1.000000)
(0.000000,1.000000) -> (0.000000,2.000000)
(0.000000,2.000000) -> (0.000000,3.000000)
(0.000000,3.000000) -> (0.000000,4.000000)
(0.000000,4.000000) -> (0.000000,5.000000)
MOVE
(0.000000,0.000000) -> (0.000000,1.000000)
(0.000000,1.000000) -> (0.000000,2.000000)
(0.000000,2.000000) -> (0.000000,3.000000)
(0.000000,3.000000) -> (0.000000,4.000000)
(0.000000,4.000000) -> (0.000000,5.000000)
MOVE
(0.000000,0.000000) -> (0.000000,1.000000)
(0.000000,1.000000) -> (0.000000,2.000000)
(0.000000,2.000000) -> (0.000000,3.000000)
(0.000000,3.000000) -> (0.000000,4.000000)
(0.000000,4.000000) -> (0.000000,5.000000)
MOVE
(0.000000,0.000000) -> (0.000000,1.000000)
(0.000000,1.000000) -> (0.000000,2.000000)
(0.000000,2.000000) -> (0.000000,3.000000)
(0.000000,3.000000) -> (0.000000,4.000000)
(0.000000,4.000000) -> (0.000000,5.000000)
MOVE
(0.000000,0.000000) -> (0.000000,1.000000)
(0.000000,1.000000) -> (0.000000,2.000000)
(0.000000,2.000000) -> (0.000000,3.000000)
(0.000000,3.000000) -> (0.000000,4.000000)
(0.000000,4.000000) -> (0.000000,5.000000)
MOVE
(0.000000,0.000000) -> (0.000000,1.000000)
(0.000000,1.000000) -> (0.000000,2.000000)
(0.000000,2.000000) -> (0.000000,3.000000)
(0.000000,3.000000) -> (0.000000,4.000000)
(0.000000,4.000000) -> (0.000000,5.000000)
MOVE
(0.000000,0.000000) -> (0.000000,1.000000)
(0.000000,1.000000) -> (0.000000,2.000000)
(0.000000,2.000000) -> (0.000000,3.000000)
(0.000000,3.000000) -> (0.000000,4.000000)
(0.000000,4.000000) -> (0.000000,5.000000)
MOVE
(0.000000,0.000000) -> (0.000000,1.000000)
(0.000000,1.000000) -> (0.000000,2.000000)
(0.000000,2.000000) -> (0.000000,3.000000)
(0.000000,3.000000) -> (0.000000,4.000000)
(0.000000,4.000000) -> (0.000000,5.000000)
MOVE
(0.000000,0.000000) -> (0.000000,1.000000)
(0.000000,1.000000) -> (0.000000,2.000000)
(0.000000,2.000000) -> (0.000000,3.000000)
(0.000000,3.000000) -> (0.000000,4.000000)
(0.000000,4.000000) -> (0.000000,5.000000)
MOVE
(0.000000,0.000000) -> (0.000000,1.000000)
(0.000000,1.000000) -> (0.000000,2.000000)
(0.000000,2.000000) -> (0.000000,3.000000)
(0.000000,3.000000) -> (0.000000,4.000000)
(0.000000,4.000000) -> (0.000000,5.000000)
MOVE
(0.000000,0.000000) -> (0.000000,1.000000)
(0.000000,1.000000) -> (0.000000,2.000000)
(0.000000,2.000000) -> (0.000000,3.000000)
(0.000000,3.000000) -> (0.000000,4.000000)
(0.000000,4.000000) -> (0.000000,5.000000)
MOVE
(0.000000,0.000000) -> (0.000000,1.000000)
(0.000000,1.000000) -> (0.000000,2.000000)
(0.000000,2.000000) -> (0.000000,3.000000)
(0.000000,3.000000) -> (0.000000,4.000000)
(0.000000,4.000000) -> (0.000000,5.000000)
MOVE
(0.000000,0.000000) -> (0.000000,1.000000)
(0.000000,1.000000) -> (0.000000,2.000000)
(0.000000,2.000000) -> (0.000000,3.000000)
(0.000000,3.000000) -> (0.000000,4.000000)
(0.000000,4.000000) -> (0.000000,5.000000)
MOVE
(0.000000,0.000000) -> (0.000000,1.000000)
(0.000000,1.000000) -> (0.000000,2.000000)
(0.000000,2.000000) -> (0.000000,3.000000)
(0.000000,3.000000) -> (0.000000,4.000000)
(0.000000,4.000000) -> (0.000000,5.000000)
MOVE
(0.000000,0.000000) -> (0.000000,1.000000)
(0.000000,1.000000) -> (0.000000,2.000000)
(0.000000,2.000000) -> (0.000000,3.000000)
(0.000000,3.000000) -> (0.000000,4.000000)
(0.000000,4.000000) -> (0.000000,5.000000)
MOVE
(0.000000,0.000000) -> (0.000000,1.000000)
(0.000000,1.000000) -> (0.000000,2.000000)
(0.000000,2.000000) -> (0.000000,3.000000)
(0.000000,3.000000) -> (0.000000,4.000000)
(0.000000,4.000000) -> (0.000000,5.000000)
MOVE
(0.000000,0.000000) -> (0.000000,1.000000)
(0.000000,1.000000) -> (0.000000,2.000000)
(0.000000,2.000000) -> (0.000000,3.000000)
(0.000000,3.000000) -> (0.000000,4.000000)
(0.000000,4.000000) -> (0.000000,5.000000)
MOVE
(0.000000,0.000000) -> (0.000000,1.000000)
(0.000000,1.000000) -> (0.000000,2.000000)
(0.000000,2.000000) -> (0.000000,3.000000)

C:\Users\inequ\source\repos\jbatinic\Blob-Simulator\Debug\EDATP3.exe (process 10328) exited with code -1.
To automatically close the console when debugging stops, enable Tools->Options->Debugging->Automatically close the console when debugging stops.
Press any key to close this window . . .
